0.30094892
0.09581041
0.54647666
0.66446537
0.49007124
0.15406233
0.5071861
0.6980739
0.31320816
0.6403224
0.82591486
0.3010134
0.2897544
0.5250509
0.5311855
0.65418565
0.14970583
0.5980232
0.74519384
0.9681191
0.32621592
0.8226514
0.3450932
0.53765845
0.07197243
0.72988105
0.57306814
0.35681462
0.32038558
0.48302114
0.5387333
0.36641228
0.31006002
0.6932363
0.34161967
0.30808693
0.9620503
0.9992078
0.32946432
0.68366826
0.89260626
0.84464234
0.40614116
0.07158375
0.9362602
0.5604665
0.3709277
0.02479291
0.9000763
0.5669233
0.7710992
0.6016971
0.5526743
0.30223417
0.3983876
0.78689134
0.23239797
0.9224807
0.2755916
0.30755836
0.9269751
0.23100126
0.13464206
0.699422
0.79959047
0.029608369
0.056908846
0.6197691
0.308985
0.74867177
0.15880662
0.93102014
0.76761985
0.9345512
0.19225365
0.7142293
0.20387906
0.8426042
0.37484163
0.23588103
0.1215958
0.90926963
0.05637026
0.742215
0.39089316
0.4303772
0.3075155
0.4424665
0.34455925
0.04334891
0.72677785
0.9558964
0.80818784
0.052426577
0.7005647
0.017965734
0.4524902
0.7182182
0.7184995
0.18977523
